799
849
811
787
802
772
719
729
697
689
667
649
642
643
636
621
623
628
634
632
638
654
677
669
662
667
666
660
645
651
652
639
637
638
626
617
505
59
57
384
43
118
59
57
57
87
35
65
320
53
49
83
46
306
133
57
305
243
193
225
213
645
167
263
361
97
436
66
83
76
43
271
402
33
48
1021
47
141
382
47
123
174
64
419
637
640
640
526
117
659
661
662
674
444
227
662
644
651
640
627
427
82
174
48
682
76
43
337
364
51
190
276
55
33
261
101
33
77
208
535
203
577
410
172
46
521
582
567
564
558
567
565
565
566
575
565
566
575
574
569
564
569
568
561
561
569
561
564
568
572
563
573
576
571
573
576
580
568
576
576
572
570
579
574
573
572
578
579
572
571
576
581
577
571
571
577
577
574
569
582
583
582
581
590
590
583
575
587
582
573
572
576
576
563
563
563
565
560
550
548
267
42
64
74
67
341
524
38
246
206
210
453
67
106
58
176
95
789
396
196
35
119
40
359
544
553
366
182
130
975
540
549
552
542
169
378
548
554
172
377
73
220
314
348
151
550
305
253
547
501
51
86
464
549
547
387
46
117
548
551
543
548
548
549
544
80
467
392
73
51
589
545
549
552
554
548
542
547
547
544
540
539
545
547
538
541
544
547
549
541
552
554
554
128
338
89
556
562
550
555
558
554
554
554
562
560
294
262
561
563
563
553
554
561
557
560
549
550
554
554
555
547
559
562
557
558
562
568
557
563
564
564
556
562
564
551
377
177
547
553
562
564
574
574
571
575
577
575
562
570
568
564
559
563
561
559
553
545
551
549
550
546
535
167
368
536
537
539
534
540
547
543
542
548
554
429
121
159
385
549
543
539
534
86
449
534
528
522
522
526
529
525
525
531
533
534
533
538
545
541
537
545
544
540
544
543
542
539
543
544
535
536
534
534
531
531
535
532
530
536
535
533
532
532
535
534
525
530
530
529
523
522
524
527
522
522
524
524
524
520
517
522
521
516
515
519
520
522
517
512
514
516
516
510
511
509
513
516
516
511
513
516
518
522
521
510
512
514
516
514
511
514
518
516
512
515
517
523
523
525
535
541
536
544
183
245
35
69
544
537
314
224
531
536
539
533
529
535
535
528
527
526
528
521
517
522
523
520
518
517
525
531
527
526
533
537
534
537
544
538
537
542
538
534
534
533
523
524
526
516
513
522
520
515
520
519
513
512
511
509
503
503
504
500
494
501
499
496
495
501
499
495
498
499
500
497
499
499
499
495
497
498
497
496
493
498
498
496
498
503
502
498
505
506
503
501
500
500
497
494
494
498
498
502
495
496
499
499
495
494
496
495
498
493
491
493
491
491
488
489
494
492
487
487
491
491
486
484
488
489
488
487
487
487
488
491
487
484
488
491
488
486
485
487
488
487
486
490
488
490
489
488
489
492
491
488
493
493
490
489
492
502
498
500
501
497
500
502
498
492
493
495
492
489
488
487
489
493
490
489
496
499
497
496
501
503
496
495
500
500
493
493
497
498
490
489
491
493
492
490
491
492
487
491
494
490
485
481
484
485
480
477
477
481
482
476
477
485
484
480
480
489
489
480
488
487
484
482
485
485
480
483
483
480
477
479
480
480
478
480
485
485
479
479
483
484
478
479
483
484
476
477
480
482
477
477
482
482
476
474
480
481
475
475
483
482
477
479
481
481
474
481
481
480
476
475
478
477
471
473
474
473
469
468
469
472
469
466
467
469
471
468
463
464
462
462
461
464
462
459
455
453
456
459
457
455
458
460
458
460
462
461
460
463
465
464
460
462
466
464
462
465
468
467
465
469
472
469
468
470
472
471
472
471
472
469
474
471
468
468
474
473
468
471
476
476
471
472
476
476
473
473
478
476
473
474
474
474
477
475
475
471
477
476
473
473
477
477
472
473
480
477
476
474
474
477
474
472
473
476
474
473
473
472
474
476
475
474
474
473
473
472
474
471
473
470
468
471
471
469
467
467
470
470
469
466
472
470
468
463
465
464
463
461
460
465
464
460
460
465
467
464
465
467
466
469
468
470
470
474
471
471
474
474
472
471
473
473
472
474
477
478
477
478
478
480
480
479
482
481
480
480
475
477
486
481
483
488
489
492
491
496
492
492
493
493
488
490
487
485
481
484
483
482
480
480
480
478
473
477
475
472
468
470
471
470
467
469
471
467
467
466
467
470
470
468
461
465
464
463
461
461
461
458
455
458
457
459
459
460
461
461
459
466
468
466
463
473
471
470
466
473
476
472
464
468
467
465
458
461
460
459
458
456
457
457
456
455
458
458
456
464
461
457
461
466
466
460
462
467
466
461
460
464
464
459
455
459
457
454
452
451
451
450
444
447
448
446
448
446
448
449
450
449
450
450
449
447
448
452
448
443
443
448
446
443
441
445
444
443
443
446
441
441
440
445
442
439
439
440
441
441
445
443
441
442
444
445
444
444
446
445
447
450
447
446
446
451
448
446
445
445
447
445
449
449
446
445
448
452
452
447
452
450
453
452
454
453
449
452
455
454
451
456
457
459
455
457
455
455
454
457
455
451
454
455
454
451
451
457
454
451
451
451
453
449
451
451
449
448
450
456
453
449
449
452
453
451
448
447
451
450
449
446
443
444
447
448
447
441
438
441
438
439
437
440
437
437
433
438
437
439
434
432
434
434
432
434
435
433
433
432
434
434
436
433
436
436
435
434
438
439
439
435
436
436
439
438
439
439
438
435
437
441
440
435
437
437
440
436
438
441
441
437
437
440
441
439
436
438
436
433
436
434
435
432
431
429
432
435
432
435
433
434
433
434
435
437
436
434
434
433
432
442
438
439
438
436
436
436
442
441
438
436
434
440
436
439
439
438
435
438
440
441
437
435
438
441
439
441
440
441
442
443
442
439
439
439
438
439
438
437
434
438
435
431
432
437
439
438
436
439
438
442
439
445
445
442
441
441
445
442
441
437
441
440
440
440
443
442
440
440
443
443
441
441
439
440
437
441
438
437
432
433
434
432
433
432
434
431
428
430
431
433
432
429
433
433
431
433
436
436
433
431
431
436
431
435
436
436
434
434
438
435
438
435
439
435
433
435
437
435
432
434
436
432
436
437
435
432
437
438
438
435
438
436
436
437
438
436
434
437
437
437
440
439
441
435
442
439
440
439
440
439
439
441
441
442
439
442
442
441
444
446
444
441
443
443
442
443
443
442
437
441
441
442
438
442
439
438
437
442
440
437
437
438
441
440
441
440
443
441
440
442
445
443
441
439
444
443
441
447
444
447
445
448
447
446
445
442
442
443
445
444
444
441
446
447
445
442
443
446
447
448
449
449
449
447
454
452
446
446
448
448
445
446
444
442
442
440
446
442
442
440
444
442
441
442
441
443
438
437
442
445
440
438
436
439
438
436
432
436
434
435
434
436
436
432
434
434
438
434
442
439
439
436
441
443
441
439
440
440
440
440
444
441
438
437
438
441
436
434
430
433
433
430
434
434
432
430
429
434
434
432
431
431
431
430
429
433
432
431
427
433
430
430
431
432
433
426
427
427
430
427
429
426
424
421
417
424
419
420
417
421
418
417
417
420
423
423
422
423
423
424
422
421
424
423
422
423
422
421
419
417
419
421
420
420
423
421
419
417
419
419
417
417
417
420
422
421
418
417
415
416
419
421
420
420
422
420
421
418
417
421
420
419
422
422
423
418
418
419
419
417
421
420
421
421
418
421
420
417
415
419
416
418
418
417
419
418
415
416
415
416
420
417
418
414
418
415
412
410
411
411
412
409
409
413
411
412
411
414
411
409
405
409
408
407
402
409
408
407
407
408
411
408
408
406
408
408
406
402
405
406
410
404
404
406
409
408
405
410
408
409
402
405
408
406
404
402
408
407
403
405
409
409
404
407
407
407
401
405
407
407
404
406
407
408
402
402
403
403
400
399
404
406
405
400
406
404
404
401
395
402
401
398
395
398
400
398
397
400
400
398
399
400
401
396
399
398
401
396
399
401
401
400
402
404
403
402
406
404
401
404
404
407
395
404
402
404
402
406
402
406
401
405
404
401
402
396
402
400
397
400
398
398
394
398
402
395
398
395
401
396
398
397
399
396
396
395
399
394
392
393
396
393
389
395
395
392
390
395
397
395
390
396
398
400
394
399
396
402
398
395
400
400
398
392
398
399
400
393
396
400
395
397
397
398
399
396
400
396
402
399
398
398
402
398
393
394
397
397
394
389
396
398
394
391
389
396
397
392
391
393
397
398
393
392
393
400
393
392
394
394
396
392
389
392
395
397
392
389
390
397
398
397
393
391
392
398
399
397
396
393
399
400
399
396
400
400
400
398
397
400
402
398
396
401
401
398
396
400
400
402
398
400
400
400
402
394
396
394
399
401
403
398
397
395
401
396
398
395
400
394
395
396
395
392
394
397
393
392
394
398
392
390
393
396
393
391
394
398
392
392
394
398
391
393
392
397
391
393
391
396
390
392
392
393
390
389
390
393
388
386
389
394
388
384
387
389
389
387
383
385
389
384
383
385
391
384
383
385
392
384
383
386
391
385
385
387
393
386
385
388
391
387
386
389
392
388
387
389
392
387
386
387
394
385
388
388
394
387
388
388
395
388
389
390
398
392
392
392
398
394
392
395
395
395
392
393
398
396
391
397
400
395
393
399
400
396
396
404
400
399
396
399
399
400
396
398
395
397
395
396
396
396
390
394
398
394
392
392
397
397
391
393
396
398
396
393
396
399
398
393
395
394
400
393
393
394
397
391
389
392
395
391
389
387
391
393
393
388
388
387
389
393
395
393
389
386
389
392
390
385
386
389
389
386
384
389
391
387
384
389
388
387
385
388
387
388
382
385
389
386
385
383
388
387
385
381
389
389
384
387
389
386
382
387
389
387
383
386
389
385
384
383
387
385
382
383
387
383
382
383
385
383
381
382
386
385
379
378
384
384
379
377
382
383
381
374
381
381
376
376
379
380
376
375
375
379
377
376
374
380
378
378
376
377
379
379
379
377
379
382
377
380
377
382
376
380
375
382
377
377
379
379
376
375
378
380
378
375
374
379
380
374
371
376
378
374
372
369
379
378
375
373
372
377
381
375
378
377
380
378
378
377
379
382
377
377
379
384
379
377
380
383
377
378
381
383
377
379
382
380
377
378
381
382
381
380
376
377
377
378
383
381
377
375
379
380
376
374
376
380
375
375
372
377
378
373
371
376
377
373
369
374
377
372
370
371
375
373
370
370
373
374
372
373
370
374
373
370
374
374
374
369
371
374
374
369
368
373
374
370
367
369
374
369
367
369
369
371
369
370
371
369
370
367
373
370
364
366
369
369
366
366
368
370
366
367
367
371
370
369
367
373
374
370
369
371
374
369
367
371
372
371
370
368
371
374
371
370
373
373
371
369
370
373
375
368
366
371
372
369
365
370
370
368
369
367
372
369
369
365
371
373
365
362
370
371
366
365
368
370
368
368
368
370
374
367
366
371
371
368
365
369
370
367
370
369
372
371
369
368
372
374
367
367
370
371
369
367
370
371
368
370
367
372
373
366
367
370
373
366
367
368
370
370
368
367
369
367
370
374
375
369
366
372
372
367
363
370
371
368
367
371
366
372
367
370
372
373
367
366
373
371
367
365
370
371
366
366
368
367
369
366
369
369
370
366
364
369
368
364
361
365
364
366
363
364
365
368
362
362
366
369
362
361
361
365
366
362
362
364
368
363
365
363
366
368
362
361
365
367
363
360
362
365
364
364
361
366
368
365
362
364
370
365
361
363
366
366
360
362
362
361
367
364
365
364
367
365
363
362
366
368
360
359
364
365
360
360
362
364
361
361
359
364
367
358
358
363
364
357
362
360
365
364
360
358
363
364
357
359
361
364
360
362
360
366
365
360
358
365
366
360
361
364
364
363
365
364
366
365
364
363
369
366
362
361
366
366
364
363
364
367
364
365
363
367
369
364
360
367
366
363
361
364
366
363
363
362
365
369
362
359
364
364
362
360
362
365
361
362
361
366
367
360
361
365
365
359
361
363
364
361
362
360
365
360
361
363
365
361
358
362
362
360
358
357
360
366
358
359
358
362
363
359
358
363
364
357
358
360
360
363
363
359
362
360
362
367
365
362
360
362
365
362
361
361
361
365
361
363
363
367
363
362
364
367
364
362
361
366
365
363
362
362
368
362
365
365
367
365
364
363
367
368
363
362
367
367
362
363
365
366
364
363
365
366
365
365
364
366
368
362
361
366
367
359
358
364
363
360
359
361
363
360
358
360
362
363
357
356
360
363
355
355
360
359
356
357
357
360
360
357
354
360
360
354
352
357
358
355
354
355
360
353
355
356
356
352
356
356
353
353
354
358
353
353
354
359
354
352
354
355
354
350
351
352
354
349
352
353
357
352
347
355
355
349
350
352
350
355
350
350
356
354
351
348
352
352
352
349
352
357
353
349
347
354
351
350
350
351
352
354
356
353
349
349
353
349
352
347
348
357
354
347
349
351
349
354
349
348
355
356
348
349
352
348
355
350
349
355
355
348
348
352
351
349
349
350
355
354
349
346
352
349
352
346
348
354
354
346
344
351
350
349
344
349
352
352
345
345
348
347
351
344
345
352
352
346
344
348
347
350
344
349
351
352
346
344
350
350
346
344
348
350
350
347
344
344
346
344
348
349
345
343
351
349
343
343
348
347
346
343
343
350
348
343
343
346
350
347
343
341
349
343
346
341
344
349
347
343
341
345
341
346
342
340
349
347
342
339
345
345
344
342
341
348
344
341
340
342
349
346
342
340
344
341
345
341
341
347
348
342
341
344
340
347
341
340
349
347
341
341
343
346
344
342
339
346
346
342
340
341
345
346
342
339
345
344
341
339
341
348
343
341
339
346
340
343
337
345
348
343
340
338
346
340
340
341
343
349
340
340
342
338
341
346
345
341
340
342
343
340
340
348
346
339
341
343
341
340
342
347
344
340
341
342
343
343
341
347
341
341
341
344
344
341
344
345
344
341
342
342
344
343
341
345
341
341
341
341
344
339
343
343
340
339
338
343
343
339
336
343
340
339
336
338
344
340
338
334
341
337
338
335
337
343
340
335
336
339
336
340
335
334
341
340
335
334
337
341
336
337
334
340
336
335
334
336
344
334
334
339
340
333
335
338
340
334
335
341
341
335
335
337
335
336
336
333
341
337
334
334
338
340
336
334
338
339
335
337
336
339
335
334
335
340
334
339
335
339
335
343
337
337
329
347
340
339
341
341
341
344
345
343
341
344
342
344
342
350
344
347
347
350
344
345
351
344
350
347
349
346
349
352
353
350
352
354
355
351
354
357
353
356
357
356
355
362
363
359
356
363
358
359
357
361
365
358
366
367
362
363
364
361
362
365
365
366
363
365
362
364
363
365
364
362
366
368
370
363
367
365
367
367
367
369
368
367
369
370
370
371
374
372
372
371
371
367
370
373
374
368
370
370
371
371
374
371
372
373
376
378
372
375
378
378
372
375
377
374
376
378
378
373
379
379
375
377
382
380
377
379
380
377
379
382
379
378
381
379
383
376
380
383
379
377
382
382
377
379
380
379
380
386
382
380
384
385
382
383
389
385
384
385
389
386
387
390
389
384
387
391
387
386
391
392
388
391
391
391
390
391
392
390
393
392
390
390
393
392
390
393
393
393
392
396
395
394
396
394
395
394
398
394
396
400
397
398
398
400
400
400
403
400
401
406
403
403
407
403
403
405
406
404
402
407
401
403
401
405
403
402
405
405
405
407
407
408
407
409
409
408
409
412
410
409
411
411
409
407
413
410
412
409
415
410
410
416
414
414
413
416
418
416
415
414
413
412
416
418
412
413
411
413
410
415
414
412
416
419
414
418
418
419
418
422
422
418
419
419
424
423
420
421
423
423
421
420
424
423
418
422
421
421
421
421
421
421
419
425
421
422
426
426
426
429
429
433
430
436
434
434
438
437
433
438
435
432
435
437
435
437
437
436
436
441
438
438
440
441
441
444
443
444
440
448
443
445
447
447
446
448
446
442
449
445
444
450
446
446
451
448
445
449
448
446
448
450
444
448
450
446
446
451
448
447
450
446
445
451
444
442
449
444
442
448
443
446
448
444
444
451
445
447
449
444
446
448
442
448
447
443
442
448
442
444
446
442
446
446
445
447
450
448
445
453
448
446
453
448
449
452
452
447
453
454
451
450
453
450
449
454
449
446
454
450
446
451
452
448
446
446
453
448
446
450
450
446
450
449
446
449
450
448
445
450
446
446
451
449
446
449
451
447
449
452
446
449
452
451
451
452
453
450
454
452
451
456
453
451
458
452
454
458
457
452
457
457
453
456
456
454
452
457
453
449
458
454
449
459
455
451
454
458
457
453
456
455
454
456
457
453
452
457
454
449
455
453
451
455
452
448
453
450
445
449
448
444
447
450
446
445
450
449
446
450
451
447
447
449
447
444
448
450
445
449
452
450
448
450
453
451
452
456
454
451
452
455
452
449
456
451
451
453
455
452
449
456
453
451
454
458
456
453
458
458
452
456
458
456
455
454
461
458
455
457
460
457
457
462
463
459
463
465
464
463
466
467
467
463
471
467
466
471
469
469
467
471
470
464
471
468
466
468
469
464
469
466
464
463
460
467
466
464
458
462
460
456
460
458
453
459
459
457
454
460
462
456
457
454
462
463
458
466
467
464
461
467
464
461
469
469
461
469
471
469
470
475
475
473
480
478
473
485
481
475
483
482
477
481
483
480
480
483
481
479
487
484
479
490
485
480
484
486
479
484
485
482
483
484
484
481
488
484
479
482
482
487
487
485
483
484
487
486
482
488
486
483
485
482
479
484
478
480
484
478
481
484
481
479
486
481
480
486
483
479
482
485
481
482
485
481
477
484
481
477
485
482
477
478
481
476
475
480
477
472
478
477
470
471
475
474
476
469
471
472
474
471
470
476
475
472
482
477
475
483
479
479
483
481
479
484
481
478
485
481
475
484
483
475
482
481
477
477
480
475
472
475
475
476
476
479
476
473
483
477
476
483
477
473
478
477
475
471
469
474
470
471
473
467
464
468
465
462
466
464
462
460
469
466
463
472
470
467
475
476
472
480
479
475
483
480
475
482
481
476
483
480
476
483
483
478
483
482
480
483
484
480
482
484
481
481
485
481
483
487
483
482
488
485
479
489
484
480
489
487
482
488
486
480
484
485
481
479
484
484
475
480
478
472
475
480
477
476
479
479
476
480
480
475
481
481
475
477
479
476
475
477
474
473
477
470
473
476
471
473
476
469
471
475
472
470
476
472
469
475
474
466
475
476
468
471
474
469
472
474
471
472
476
473
471
476
476
473
478
478
472
473
480
476
472
475
474
472
475
474
470
476
472
470
474
469
468
472
466
466
473
464
467
468
466
460
467
463
458
465
300
166
459
460
467
462
458
467
462
463
459
467
464
460
464
467
466
465
462
465
466
466
467
468
463
464
466
465
462
462
468
465
464
470
471
466
473
473
471
470
476
472
472
480
475
472
474
476
473
469
473
473
473
463
472
470
471
467
467
466
473
469
467
465
469
468
467
465
468
466
468
465
465
469
467
465
462
465
464
465
468
465
461
463
462
461
458
464
462
459
465
465
463
465
468
467
467
468
467
466
305
165
470
471
468
467
465
471
467
466
467
467
467
470
469
467
470
472
471
468
474
471
469
472
472
469
473
471
469
468
470
467
466
472
466
468
470
474
473
470
468
473
472
470
469
472
473
470
469
469
470
471
466
469
470
467
468
465
470
470
469
468
473
470
469
471
474
474
471
477
479
474
479
478
476
479
481
475
485
479
474
482
63
39
379
481
498
481
481
499
483
498
484
499
502
492
497
495
490
492
491
487
489
489
485
486
488
486
487
489
488
489
491
490
492
491
491
492
494
490
491
493
490
491
495
494
491
496
496
492
496
496
492
493
494
489
494
493
488
493
493
489
494
493
490
493
494
490
492
495
494
490
494
490
490
488
491
490
487
493
489
488
493
490
489
492
491
489
494
492
490
496
494
489
493
494
492
489
496
493
490
493
493
490
493
494
490
494
493
491
489
493
492
489
494
491
490
493
493
489
494
492
488
493
491
487
488
491
489
488
484
484
488
486
486
484
486
488
486
487
493
491
488
489
492
490
488
487
491
490
486
492
493
490
491
495
495
494
499
496
494
500
497
493
499
497
493
496
496
494
495
497
497
494
494
499
498
498
491
499
496
492
492
494
494
491
487
494
493
490
486
495
489
486
488
490
486
487
489
485
485
489
488
486
486
488
486
484
489
488
483
484
487
485
493
490
490
488
488
490
489
489
490
489
489
486
491
486
488
487
481
485
486
481
482
482
480
483
484
484
483
486
484
482
490
488
484
492
492
488
491
493
488
491
491
485
491
490
486
490
491
489
488
492
490
487
492
491
489
494
493
489
497
493
491
495
493
488
493
492
489
493
494
488
496
496
492
495
496
494
492
494
494
491
492
494
493
490
488
493
491
488
494
493
487
494
492
489
494
495
489
495
497
492
490
497
492
489
497
493
487
495
491
489
494
494
488
495
492
489
492
491
486
489
490
488
490
489
489
488
491
489
487
490
489
483
488
488
484
488
488
485
489
487
488
485
488
486
484
488
487
482
487
488
486
487
492
489
487
490
489
489
486
490
492
485
478
482
481
479
474
478
476
472
476
476
473
474
477
476
474
473
479
477
473
474
476
475
470
469
469
466
464
467
465
466
465
466
467
468
466
464
467
466
462
466
465
467
464
466
465
463
463
462
461
457
460
462
459
462
464
464
465
466
464
464
468
470
470
463
461
463
462
456
456
458
458
457
458
459
463
463
463
471
470
473
470
474
476
472
472
471
474
474
474
470
470
472
471
468
469
472
472
472
475
476
478
477
479
479
477
474
476
473
471
471
472
470
468
471
472
471
471
474
474
470
470
470
470
471
470
463
468
467
466
463
465
468
465
468
469
466
463
466
462
462
458
457
457
456
457
460
457
459
457
465
464
463
468
466
468
474
468
469
470
472
471
471
469
471
468
469
466
471
468
469
471
471
466
469
469
471
477
476
476
479
479
477
477
479
477